2091
2: 1077, 759
56: 243, 84, 1206, 238, 1831
61: 1820
62: 265, 658, 743, 703
67: 448, 132, 1862, 396, 496, 2066, 1555, 1207, 1796, 1563, 2084
70: 1788
80: 883
84: 56, 243, 1206, 238
90: 1411, 676, 1579, 1741, 1614, 1329
113: 1626
117: 745
122: 641
131: 680
132: 448, 67, 396, 496, 2066, 1555
133: 452, 1330, 1298, 1615, 1906, 1911, 283
147: 1128, 1943, 1966, 1150, 1935
148: 1459
151: 1598
158: 203
159: 639
162: 755
168: 176
176: 168
184: 273, 250, 199
185: 205, 1197
187: 466, 243, 238, 231
188: 466, 243, 238
191: 1187
196: 1149
199: 184, 273
203: 158
205: 185, 426, 1197
206: 1521
212: 1818, 1197, 1838
218: 1808
222: 1638
224: 861
231: 466, 187, 238, 243
232: 1058
238: 231, 466, 243, 84, 56, 187, 188
241: 2025, 1510
242: 898
243: 231, 1831, 238, 466, 84, 1206, 56, 187, 188
244: 1197
250: 184, 1788
255: 1597
264: 1112, 1832, 2082, 1461
265: 2083, 743, 62, 703
268: 837
270: 1215
273: 184, 199
276: 306
283: 452, 133, 1330, 1298, 1906, 1911
285: 1930, 1908
306: 276
309: 358
310: 538, 341
315: 1449
323: 619, 581, 1543
324: 713, 339, 398
326: 327
327: 326
339: 713, 324, 398
341: 310
344: 393, 1434
347: 1419, 391, 651, 656, 1076, 661, 1431, 1243, 1309, 670
358: 309
364: 1403
372: 460
388: 586
391: 1920, 2059, 1243, 1924, 646, 651, 621, 1966, 656, 659, 820, 661, 1431, 1076, 347, 1419, 1309, 670
392: 1392, 1425
393: 344, 1434, 711
396: 448, 67, 132, 1862, 496, 2066, 1555, 2084, 1563, 2078
398: 696, 339, 324
402: 613, 2013, 2045, 1492, 1693, 1328, 1713, 1362, 660, 1558, 500, 954, 1117, 1950, 2038
404: 1642, 1391
413: 415
415: 413
426: 964, 900, 205, 1197
433: 642, 1586, 2063
435: 927
446: 1858
448: 67, 132, 1862, 396, 496, 2066, 1555, 1207, 1796, 1563, 2078, 2084
452: 133, 1298, 1330, 1615, 1906, 1911, 283
460: 372
461: 1461
466: 231, 1831, 238, 243, 885, 1206, 187, 188
470: 1197
472: 789
477: 739, 1893, 1641, 495, 1971, 1559
478: 1976
481: 658, 1078
489: 1267
495: 739, 1893, 1641, 1971, 1559, 477
496: 448, 67, 132, 1862, 396, 2066, 1555, 1207, 2084, 1563
500: 613, 999, 2013, 1767, 1362, 1693, 1328, 1713, 402, 660, 1950, 1558, 2045, 1492, 954, 1117, 1182, 2038
506: 1130, 1428
509: 1570, 567
514: 1307
537: 1497
538: 310
541: 1776
561: 1278
565: 619, 581
566: 1010
567: 1570, 509
576: 1471
581: 619, 323, 565, 1517
586: 388
592: 1921, 1300, 1285
595: 1721
600: 937
601: 1696, 1878
613: 2045, 2038, 999, 2013, 1767, 1492, 1362, 1693, 1328, 1713, 402, 660, 1950, 1558, 1209, 500, 954, 1117, 1182
619: 323, 565, 581
621: 1243, 1419, 1309, 646, 391
628: 753
629: 1918, 1515, 749, 1135, 1942, 1490, 766, 1526, 951, 1406, 767
630: 1918, 2087, 749, 1135, 1490, 766, 1942, 951, 1406, 767
631: 1264
636: 773
639: 159
641: 122
642: 677, 1830, 2063, 433, 1586, 1267, 1813
645: 1500
646: 1243, 1309, 621, 1419, 391
648: 1055
650: 2059
651: 1243, 1924, 391, 1419, 656, 1076, 661, 1431, 347, 1309, 670
656: 1243, 391, 651, 1076, 661, 1431, 347, 1419, 1309, 670
658: 481, 743, 1078, 62, 703
659: 1419, 391, 2059, 820, 1243, 1309
660: 613, 999, 1767, 1362, 2013, 1328, 1713, 402, 500, 1950, 1558, 2045, 1492, 954, 1693, 1182, 2038
661: 1243, 391, 651, 656, 1076, 1431, 347, 1419, 1309, 670
662: 2059, 820
667: 1072
670: 1243, 391, 651, 1419, 656, 2059, 1076, 661, 1431, 1620, 347, 956, 1309
671: 1931
675: 796, 772, 1433
676: 1329, 90, 1411, 1741, 1614
677: 642, 1267, 1586
680: 131
696: 398
703: 265, 658, 62, 743
711: 393, 1434
713: 339, 324
714: 1528
720: 2060, 1196
739: 1893, 1640, 1641, 495, 1971, 1559, 477
743: 2083, 265, 658, 1208, 62, 703
745: 117
746: 2012
748: 1785, 1051
749: 1918, 1515, 1942, 1490, 766, 630, 951, 767, 1406, 629
753: 628
755: 162
756: 1178
757: 761
759: 2, 1077
761: 757
764: 992
766: 1918, 1515, 749, 1942, 1490, 629, 630, 951, 1406, 767
767: 1918, 2087, 1406, 749, 1135, 1942, 1490, 629, 630, 951, 766
769: 1945
772: 1433, 675, 796
773: 801, 636, 821
777: 1025, 2041
789: 472
792: 1309
793: 1920, 1924, 1620, 1573, 1431
796: 675, 772
801: 773
802: 1315
803: 1570
805: 816
806: 1789
814: 1253, 1941
816: 805
820: 2059, 391, 1419, 659, 662, 1431, 1243, 1309, 1150
821: 773
837: 268
846: 2005
851: 1223
853: 1707
861: 224
883: 80
885: 466, 1206, 1831
896: 1881, 1195, 1212
898: 242
900: 426, 964, 1197
908: 1811
910: 1308
920: 921
921: 920
926: 1122
927: 435
934: 1101
937: 600
951: 1918, 2087, 1406, 749, 1135, 1942, 1490, 629, 630, 766, 767
954: 613, 999, 2013, 1767, 1492, 1362, 1693, 1328, 1713, 402, 660, 1950, 1558, 1209, 500, 2045, 1117, 1182, 2038
956: 2059, 670, 1431
964: 426, 900, 1197
984: 1929
985: 1482
987: 1153
992: 764
999: 613, 1767, 2045, 2013, 1328, 1713, 1362, 660, 1950, 1558, 500, 954, 1693, 1182, 2038
1000: 1293, 1887
1010: 1896, 566, 1399
1025: 777
1033: 1051
1038: 2064, 1081, 1171, 1196, 2060
1044: 1100
1051: 1033, 748, 1785
1055: 648, 1600
1056: 2048
1058: 232
1062: 1200, 1267, 1813, 1830
1066: 1565
1072: 667
1076: 1243, 391, 651, 656, 661, 1431, 347, 1419, 1309, 670
1077: 2, 759
1078: 481, 658
1081: 2060, 1171, 1196, 1038
1087: 1204
1089: 1178
1091: 1789
1100: 1044
1101: 934
1103: 1539
1106: 1195, 1212
1107: 1175
1109: 1961, 1159
1112: 264, 1461
1116: 1323
1117: 613, 2045, 1492, 1362, 2013, 1328, 1713, 402, 500, 1950, 1558, 1209, 954, 1693, 1182, 2038
1122: 926
1123: 1646
1128: 1920, 1922, 1966, 1935, 147, 1943, 1150
1130: 506, 1291, 1428
1131: 1269
1135: 1918, 2087, 1942, 1490, 629, 630, 951, 1406, 767
1148: 1369, 1364, 1366
1149: 196
1150: 1920, 1922, 1128, 2059, 1966, 1935, 147, 1620, 1943, 1944, 820, 1309
1153: 987
1159: 1109
1168: 1557
1171: 1081, 1196, 1038, 2060
1175: 1107
1178: 1089, 756, 1270
1182: 2045, 613, 999, 2013, 1767, 1492, 1693, 1328, 1713, 1362, 660, 1558, 1209, 500, 954, 1117, 1950, 2038
1187: 1197, 191
1192: 1526
1195: 896, 1881, 1106, 1212
1196: 2064, 2060, 1038, 720, 1171, 1081
1197: 1984, 1826, 1187, 212, 426, 205, 1838, 244, 470, 185, 900, 964
1200: 1267, 1813, 1062, 2063
1204: 1087
1205: 1206
1206: 1831, 1902, 466, 243, 84, 885, 56, 1205
1207: 448, 67, 1796, 1862, 496, 2066, 2084, 1563, 2078
1208: 743
1209: 954, 1492, 613, 1182, 1117
1212: 896, 1881, 1106, 1195
1215: 270
1216: 1332
1223: 851
1224: 1247
1225: 1696
1238: 1800
1241: 1331
1243: 1920, 2059, 1419, 1924, 646, 391, 651, 621, 1966, 656, 659, 820, 661, 1431, 1076, 347, 1309, 670
1247: 1224
1253: 1941, 814
1255: 1941
1264: 631
1267: 642, 677, 1062, 489, 1200, 1586, 1830, 1813
1269: 1131
1270: 1178
1278: 561
1285: 592
1291: 1130
1293: 1000, 1887
1298: 452, 133, 1330, 1615, 1906, 1911, 283
1300: 592, 1921
1307: 514
1308: 910
1309: 1920, 1924, 646, 391, 2059, 656, 792, 659, 661, 1431, 1944, 670, 347, 1966, 820, 1076, 651, 1243, 621, 1915, 1419, 1150
1310: 1781
1315: 802
1319: 1347
1320: 1855
1322: 1524
1323: 1116
1328: 613, 999, 2013, 1767, 1492, 1362, 1693, 1713, 402, 660, 1950, 1558, 2045, 500, 954, 1117, 1182, 2038
1329: 1411, 676, 1579, 1741, 1614, 90
1330: 452, 133, 1298, 1615, 1906, 1911, 1914, 283
1331: 1241
1332: 1216
1343: 1357
1347: 1319
1357: 1343
1359: 1360
1360: 1359
1362: 613, 999, 2013, 1767, 1492, 1693, 1328, 1713, 402, 660, 1950, 1558, 2045, 500, 954, 1117, 1182, 2038
1364: 1369, 1148, 1366
1366: 1364, 1148, 1369
1369: 1364, 1148, 1366
1371: 1571, 1373
1373: 1571, 1371
1374: 1572
1387: 1397
1391: 1642, 404, 2053
1392: 392, 1425
1393: 1398, 2023
1397: 1387
1398: 1393, 2023
1399: 1010
1403: 364
1406: 1526, 2087, 1515, 749, 1135, 1942, 1490, 629, 630, 951, 1918, 766, 767
1407: 1432
1409: 1424
1411: 676, 1579, 1741, 1614, 1329, 90
1419: 1920, 2059, 1243, 1924, 646, 391, 651, 621, 1966, 656, 659, 820, 661, 1431, 1076, 347, 1309, 670
1421: 1970
1422: 1527
1424: 1409
1425: 392, 1392
1428: 506, 1130
1429: 1550, 1430
1430: 1429, 1550
1431: 1243, 1573, 391, 651, 1419, 656, 1620, 2059, 820, 661, 793, 347, 956, 1309, 670, 1076
1432: 1407
1433: 675, 772
1434: 344, 393, 711
1449: 315
1459: 148
1461: 264, 1112, 2082, 461
1467: 1705
1471: 576
1482: 985
1489: 1519
1490: 1515, 1526, 2087, 1406, 749, 1135, 1942, 629, 630, 951, 1918, 766, 767
1492: 613, 2013, 2045, 1362, 1693, 1328, 1713, 402, 660, 1950, 1558, 1209, 500, 954, 1117, 1182
1497: 537
1500: 645
1510: 241
1515: 766, 749, 1490, 1406, 1942, 1918, 629
1517: 581
1519: 1489
1521: 1838, 206
1524: 1322
1526: 1192, 1406, 1490, 629, 1942, 1918
1527: 1422
1528: 714, 1654
1539: 1103
1543: 323
1550: 1429, 1430
1553: 1683
1555: 448, 67, 132, 1862, 396, 496, 2066, 2084, 1563, 2078
1557: 1168
1558: 613, 999, 2013, 1767, 1492, 1362, 1693, 1328, 1713, 402, 660, 1950, 2038, 2045, 500, 954, 1117, 1182
1559: 739, 1893, 1640, 1641, 495, 1971, 477
1563: 448, 67, 1796, 1862, 396, 496, 2066, 1555, 1207, 2084, 2078
1565: 1066
1570: 803, 509, 567
1571: 1371, 1373
1572: 1374
1573: 1920, 793, 1924, 1620, 1431
1579: 1329, 90, 1411, 1741, 1614
1586: 433, 642, 1267, 677, 1990
1590: 1708
1597: 255
1598: 151
1600: 1055
1614: 1411, 676, 1579, 1741, 1329, 90
1615: 452, 133, 1703, 1330, 1298, 1906, 1911
1620: 2059, 1573, 1431, 1966, 670, 1913, 793, 1150
1626: 113
1638: 222
1640: 1971, 1641, 739, 1893, 1559
1641: 739, 1893, 1640, 495, 1971, 1559, 477
1642: 404, 1391
1643: 1944, 1915
1646: 1123
1654: 1528
1655: 1888
1670: 1756, 1757
1683: 1553
1691: 1747
1693: 613, 999, 1834, 1767, 1492, 1362, 2013, 1328, 1713, 402, 660, 1950, 1558, 2045, 500, 954, 1117, 1182, 2038
1696: 601, 1225
1703: 1906, 1911, 1615
1705: 1467
1707: 853
1708: 1590
1711: 2004
1713: 613, 999, 2013, 1767, 1492, 1362, 1693, 1328, 402, 660, 1950, 1558, 2045, 500, 954, 1117, 1182, 2038
1721: 595
1725: 1736
1735: 1935
1736: 1725
1741: 1411, 676, 1579, 1614, 1329, 90
1747: 1691
1756: 1757, 1670
1757: 1756, 1670
1758: 1788
1767: 613, 999, 2045, 1328, 1713, 1362, 660, 1950, 1558, 500, 954, 1693, 1182
1776: 541
1781: 1310
1785: 1051, 748
1788: 250, 1758, 70
1789: 1091, 806
1796: 448, 67, 2084, 2066, 1207, 1563
1800: 1238
1808: 218
1811: 908
1813: 1200, 642, 1267, 1062, 2063
1818: 212, 1838
1820: 61
1826: 1197
1830: 642, 1267, 1062, 2063
1831: 1902, 466, 243, 885, 1206, 56
1832: 264
1834: 1693
1838: 1984, 1521, 1818, 212, 1197
1839: 2083
1855: 1320
1858: 446
1862: 448, 67, 2084, 396, 496, 2066, 1555, 1207, 1563
1874: 1920, 1924, 1928, 1930, 1935, 1908, 1944, 1979, 1981
1878: 601
1881: 896, 1195, 1212
1887: 1000, 1293
1888: 1655
1893: 739, 1640, 1641, 495, 1971, 1559, 477
1896: 1010
1902: 1206, 1831
1904: 1959
1906: 452, 133, 1703, 1298, 1615, 1330, 1911, 1914, 283
1908: 1920, 1924, 1928, 1981, 1930, 1935, 1874, 1944, 285
1911: 452, 133, 1703, 1298, 1615, 1330, 283, 1906
1912: 2059
1913: 1620, 1966
1914: 1330, 1906
1915: 1920, 1944, 1643, 1924, 1309
1916: 1920
1918: 1515, 1526, 2087, 1406, 749, 1135, 1942, 1490, 629, 630, 951, 766, 767
1920: 1922, 1915, 1924, 1573, 391, 1128, 1981, 1930, 1419, 1966, 1935, 1928, 1874, 1908, 1943, 1944, 793, 1243, 1916, 1309, 1150
1921: 592, 1300
1922: 1920, 1128, 2059, 1966, 1935, 1943, 1150
1924: 1920, 1419, 1573, 391, 1928, 1981, 1930, 651, 1966, 1935, 1874, 1908, 1944, 793, 1243, 1309, 1915
1928: 1920, 1924, 1930, 1935, 1874, 1908, 1944, 1981
1929: 984
1930: 1920, 1924, 1928, 1981, 1935, 1936, 1874, 1908, 1944, 285
1931: 671
1932: 1935
1935: 1920, 1922, 1924, 1735, 1128, 1930, 2059, 1932, 1966, 1928, 1874, 147, 1908, 1943, 1944, 1981, 1150
1936: 1944, 1930
1941: 1253, 814, 1255
1942: 1515, 1526, 2087, 1406, 749, 1135, 1490, 629, 630, 951, 1918, 766, 767
1943: 1920, 1922, 1128, 1966, 1935, 147, 1150
1944: 1920, 1924, 1928, 1981, 1930, 1643, 1935, 1936, 1874, 1908, 1915, 1309, 1150
1945: 769
1950: 613, 999, 2013, 1767, 1492, 1362, 1693, 1328, 1713, 402, 660, 1558, 2045, 500, 954, 1117, 1182, 2038
1959: 1904
1961: 1109
1966: 1920, 1922, 1924, 391, 1128, 1419, 1935, 147, 1620, 1943, 1913, 1243, 1309, 1150
1968: 1988
1970: 1421
1971: 739, 1893, 1640, 1641, 495, 1559, 477
1976: 478
1979: 1874
1981: 1920, 1924, 1928, 1930, 1935, 1874, 1908, 1944
1984: 1197, 1838
1988: 1968
1990: 1586
2004: 1711
2005: 846
2012: 746
2013: 613, 999, 2045, 1492, 1362, 1693, 1328, 1713, 402, 660, 1950, 1558, 500, 954, 1117, 1182, 2038
2023: 1393, 1398
2025: 241
2036: 2059
2038: 613, 999, 2013, 2045, 1362, 1693, 1328, 1713, 402, 660, 1950, 1558, 500, 954, 1117, 1182
2041: 777
2045: 613, 999, 2013, 1767, 1492, 1362, 1693, 1328, 1713, 402, 660, 1950, 1558, 500, 954, 1117, 1182, 2038
2048: 1056
2053: 1391
2059: 2036, 1922, 391, 650, 1419, 1935, 659, 820, 1150, 662, 1431, 1912, 1620, 1243, 956, 1309, 670
2060: 1196, 1038, 720, 1171, 2072, 1081
2063: 1200, 433, 642, 1813, 1830
2064: 1196, 1038
2066: 448, 67, 132, 1862, 396, 496, 1555, 1207, 1796, 1563, 2078, 2084
2072: 2060
2078: 448, 2084, 396, 2066, 1555, 1207, 1563
2082: 264, 1461
2083: 265, 1839, 743
2084: 448, 67, 1796, 1862, 396, 496, 2066, 1555, 1207, 1563, 2078
2087: 1942, 1135, 1490, 1918, 630, 951, 1406, 767